2430.35
4030.49
5709.65
7440.12
9208.74
11007.8
12832.1
14678
16542.9
18424.6
20321.4
22232
24155.2
26090
28035.6
29991.2
31956.3
33930.3
35912.7
37903.1
39901
41906.1
43918
45936.5
47961.3
49992.2
52028.9
54071.1
56118.8
58171.7
60229.6
62292.3
64359.8
66431.9
68508.4
70589.2
72674.2
74763.3
76856.4
78953.3
81054.1
83158.5
85266.5
87378
89492.9
91611.2
93732.8
95857.6
97985.6
100117
102251
104388
106528
108670
110816
112964
115115
117269
119425
121584
123745
125909
128075
130244
132415
134588
136764
138942
141122
143304
145488
147675
149864
152054
154247
156442
158639
160837
163038
165241
167445
169651
171860
174070
176281
178495
180710
182927
185146
187366
189589
191812
194038
196265
198494
200724
202956
205189
207424
209660
