11205.3
20133.4
29502.3
39157.6
49025.7
59063.4
69242.3
79541.9
89947.1
100446
111030
121690
132420
143215
154071
164983
175947
186961
198022
209127
220274
231462
242688
253950
265248
276579
287943
299338
310763
322217
333699
345208
356744
368305
379891
391501
403134
414791
426469
438169
449890
461632
473393
485175
496975
508794
520632
532487
544360
556250
568157
580081
592021
603976
615948
627934
639936
651952
663983
676028
688087
700160
712247
724347
736460
748586
760725
772877
785041
797217
809405
821605
833817
846040
858274
870520
882777
895045
907324
919613
931913
944223
956544
968875
981215
993566
1.00593e+06
1.0183e+06
1.03068e+06
1.04307e+06
1.05546e+06
1.06787e+06
1.08029e+06
1.09271e+06
1.10515e+06
1.11759e+06
1.13005e+06
1.14251e+06
1.15498e+06
1.16746e+06
